Problem 2


ACTUAL EIGENVALUES AND EIGENVECTORS

(array([  1.73205081e+00,  -1.73205081e+00,  -1.00000000e+00,  -3.29824209e-17,   1.00000000e+00]), 
matrix([[  2.88675135e-01,  -2.88675135e-01,  -5.00000000e-01,    5.77350269e-01,  -5.00000000e-01],
        [  5.00000000e-01,   5.00000000e-01,   5.00000000e-01,   -1.09360064e-16,  -5.00000000e-01],
        [  5.77350269e-01,  -5.77350269e-01,  -4.37568744e-16,   -5.77350269e-01,  -1.29931559e-16],
        [  5.00000000e-01,   5.00000000e-01,  -5.00000000e-01,    6.63556812e-17,   5.00000000e-01],
        [  2.88675135e-01,  -2.88675135e-01,   5.00000000e-01,    5.77350269e-01,   5.00000000e-01]]))